
################################################################################
# Summary Statistics
################################################################################

DIC = 19.57235

                       Mean    SD  2.5%    5%   25%   50%   75%   95% 97.5%
p.BB1RTm.Algae        0.016 0.016 0.000 0.001 0.005 0.011 0.022 0.047 0.058
p.F-13RTm.Algae       0.010 0.013 0.000 0.000 0.002 0.005 0.012 0.037 0.047
p.F-16RTm.Algae       0.009 0.013 0.000 0.000 0.002 0.005 0.012 0.033 0.044
p.F-1RTm.Algae        0.020 0.027 0.000 0.000 0.003 0.010 0.027 0.075 0.092
p.F-2RTm.Algae        0.028 0.033 0.000 0.001 0.004 0.015 0.040 0.099 0.119
p.F-8RTm.Algae        0.009 0.012 0.000 0.000 0.002 0.005 0.011 0.034 0.044
p.R-1 9MRTm.Algae     0.013 0.018 0.000 0.000 0.002 0.007 0.018 0.045 0.058
p.R-2KBRTm.Algae      0.029 0.035 0.000 0.001 0.004 0.015 0.041 0.103 0.123
p.BB1RTm.Epiphytes    0.137 0.091 0.013 0.022 0.068 0.121 0.186 0.309 0.347
p.F-13RTm.Epiphytes   0.075 0.083 0.003 0.005 0.021 0.049 0.100 0.235 0.294
p.F-16RTm.Epiphytes   0.071 0.078 0.002 0.005 0.020 0.047 0.097 0.214 0.262
p.F-1RTm.Epiphytes    0.203 0.173 0.006 0.011 0.061 0.157 0.303 0.540 0.626
p.F-2RTm.Epiphytes    0.238 0.163 0.010 0.020 0.105 0.219 0.347 0.533 0.596
p.F-8RTm.Epiphytes    0.060 0.064 0.003 0.005 0.018 0.041 0.081 0.177 0.232
p.R-1 9MRTm.Epiphytes 0.104 0.106 0.003 0.007 0.031 0.071 0.142 0.316 0.383
p.R-2KBRTm.Epiphytes  0.241 0.155 0.012 0.021 0.115 0.228 0.348 0.511 0.562
p.BB1RTm.Mangrove     0.184 0.050 0.092 0.104 0.150 0.183 0.217 0.265 0.286
p.F-13RTm.Mangrove    0.095 0.056 0.011 0.017 0.050 0.088 0.130 0.197 0.223
p.F-16RTm.Mangrove    0.108 0.060 0.014 0.021 0.062 0.103 0.147 0.217 0.240
p.F-1RTm.Mangrove     0.188 0.070 0.044 0.065 0.142 0.192 0.235 0.301 0.318
p.F-2RTm.Mangrove     0.320 0.070 0.165 0.198 0.279 0.326 0.367 0.423 0.442
p.F-8RTm.Mangrove     0.124 0.066 0.015 0.024 0.072 0.120 0.169 0.242 0.261
p.R-1 9MRTm.Mangrove  0.158 0.068 0.032 0.045 0.110 0.160 0.206 0.268 0.289
p.R-2KBRTm.Mangrove   0.365 0.071 0.206 0.241 0.325 0.370 0.413 0.469 0.487
p.BB1RTm.Seagrass     0.664 0.098 0.448 0.489 0.605 0.673 0.733 0.807 0.830
p.F-13RTm.Seagrass    0.820 0.099 0.589 0.640 0.771 0.836 0.891 0.950 0.966
p.F-16RTm.Seagrass    0.812 0.096 0.603 0.653 0.757 0.822 0.879 0.946 0.961
p.F-1RTm.Seagrass     0.589 0.179 0.168 0.253 0.479 0.613 0.719 0.841 0.882
p.F-2RTm.Seagrass     0.414 0.157 0.104 0.138 0.301 0.424 0.528 0.653 0.694
p.F-8RTm.Seagrass     0.807 0.091 0.614 0.654 0.750 0.813 0.872 0.940 0.954
p.R-1 9MRTm.Seagrass  0.725 0.124 0.440 0.509 0.662 0.738 0.806 0.905 0.929
p.R-2KBRTm.Seagrass   0.364 0.146 0.097 0.127 0.258 0.366 0.467 0.601 0.641
